[Maquina]
Maquina = C:\WinUnisoft\Lib\CentroMecanizadoUniversal.mch
TipoMaquina = Fresa
Tipo = 0
ControlIndex = 1
ControlText = 8050M
Unidad = 0
LimiteMaquina= -200,-200,-200,200,200,200
CeroMaquina = 0,0,0
OrigenPref = 0,0,0
PosicionCambioHta = 0,0,200
TiempoCambio = 30.00
PosTorreta = 0
VelocidadMaxima = 5000
VelocidadMinima = 0
AvanceMaximo = 3000
AvanceG00 = 5000
GiroCabezal = 0
Trayectoria = -1
CotaX = -1

[Bruto]
Forma = 0
Material = 0
Fijacion = 1
XMax/Zmin = -50
YMax/ZMax = -50
ZMax/DExt = -20
XMin/Long = 50
YMin/D = 50
ZMin/Nada = 0

[Tools]
Tool=T1.1:^Plato^planear^D80 _NumHta=1 _Corrector=1 _Descrip=Plato^planear^D80 Quadrant=1 Type=FLAT Part_number= D=80.00000 H=13.00000 _D=80.00000 _H=0.00000 _DesgR=0.00000 _DesgL=0.00000 Shank_D=10.00000 Shank_H=50.00000 color=0 
Tool=T2.2:^Plato^planear^D40 _NumHta=2 _Corrector=2 _Descrip=Plato^planear^D40 Quadrant=1 Type=FLAT Part_number= D=40.00000 H=8.00000 _D=40.00000 _H=0.00000 _DesgR=0.00000 _DesgL=0.00000 Shank_D=6.00000 Shank_H=44.00000 color=0 
Tool=T3.3:^Broca^de^centrar^D12 _NumHta=3 _Corrector=3 _Descrip=Broca^de^centrar^D12 Quadrant=1 Type=DRILL Part_number= D=12.00000 H=20.00000 _D=12.00000 _H=0.00000 Alpha=90.00000 _DesgR=0.00000 _DesgL=0.00000 Shank_D=10.00000 Shank_H=50.00000 color=0 
Tool=T4.4:^Fresa^de^chaflanar _NumHta=4 _Corrector=4 _Descrip=Fresa^de^chaflanar Quadrant=1 Type=CHAMFER Part_number= D=30.00000 H=30.00000 _D=12.00000 _H=16.00000 Tip_R=6.50000 Alpha=45.00000 _DesgR=0.00000 _DesgL=0.00000 Shank_D=12.00000 Shank_H=57.00000 color=0 
Tool=T5.5:^ _NumHta=5 _Corrector=5 _Descrip= Quadrant=1 Type=FLAT Part_number= D=2.50000 H=5.00000 _D=2.50000 _H=5.00000 _DesgR=0.00000 _DesgL=0.00000 Shank_D=6.00000 Shank_H=44.00000 color=0 
Tool=T6.6:^ _NumHta=6 _Corrector=6 _Descrip= Quadrant=1 Type=FLAT Part_number= D=4.00000 H=7.00000 _D=4.00000 _H=7.00000 _DesgR=0.00000 _DesgL=0.00000 Shank_D=6.00000 Shank_H=44.00000 color=0 
Default_Tool =

[Herramientas]

[Origen]
G53 =0.00,0.00,0.00
G54 =0.00,0.00,0.00
G55 =0.00,0.00,0.00
G56 =0.00,0.00,0.00
G57 =0.00,0.00,0.00
G58 =0.00,0.00,0.00
G59 =0.00,0.00,0.00

[Notas]

